image: my_map.pgm
resolution: 0.050000
origin: [-1.012791, -17.093521, 0.000000]
negate: 0
occupied_thresh: 0.65
free_thresh: 0.196

